Date,STL+ARIMA,Seasonal_Naive,Ensemble_Average
2025-08-01,418606.7848116243,237461.42,328034.1024058122
2025-09-01,262556.26293769426,168672.7,215614.48146884714
2025-10-01,207978.08257598433,136879.08,172428.58128799216
2025-11-01,174945.4298746496,110852.07,142898.74993732478
2025-12-01,234306.3165230913,171061.93,202684.12326154564
2026-01-01,420851.6031695055,312146.94,366499.2715847527
2026-02-01,398188.5657945812,272658.68,335423.6228972906
2026-03-01,620646.343221687,418240.38,519443.3616108435
2026-04-01,614893.2173197992,383482.91,499188.06365989964
2026-05-01,611863.8048922037,394966.68,503415.24244610185
2026-06-01,739853.3138053035,491252.74,615553.0269026518
2026-07-01,704856.1246611156,558362.71,631609.4173305577
2026-08-01,545489.9463886021,237461.42,391475.6831943011
2026-09-01,387905.71808388387,168672.7,278289.2090419419
2026-10-01,307270.95450423256,136879.08,222075.0172521163
2026-11-01,258467.93242969114,110852.07,184660.00121484557
2026-12-01,346168.75039491605,171061.93,258615.34019745802
2027-01-01,621774.0378182526,312146.94,466960.48890912626
